3124540
548430
578080
730
1172470
3240220
2807960
2479810
252490
2357570
359550
2507950
3017860
2000950
3932890
2073620
1144200
699130
440
2138330
3028330
1643320
3065800
2416450
4116740
2859390
2141300
1230260
3851240
3520250
2695350
4051340
3802760
3770910
3947610
2383690
219
2617100
4211190
3725100
2845200
3920360
2423690
479030
4320000
2794810
2407990
3858930
1085660
1874880
2073850
1818450
594650
1238840
714010
1985810
550
379720
782330
1229490
218620
476600
2157830
1282270
1963610
311210
460930
4224910
1361210
1151340
1217060
393080
444200
2933620
221100
3606480
552520
209160
493520
3228590
590830
1757300
1272080
2524890
824270
4000
412020
10180
1425000
377160
292730
2406770
1985820
298110
2840770
2051620
2747330
3174120
1913370
546560
1338770
2599690
1962663
581320
107410
10090
1517290
3015760
872670
371660
3398110
1324780
2778610
2124120
397540
1238860
1477830
924970
2280
1366800
232090
2640
2625420
2943650
3156770
550650
7940
1430190
209650
4261320
905640
502500
287390
286690
208200
49520
2111190
500
3063250
2080690
2116120
3891560
1938090
636480
10
1566690
2630
1721110
939960
304930
16900
1560250
2719160
2669410
1178830
1540210
4013290
2981220
2897700
3365170
2430400
240
1148590
2933080
2427410
2620
578650
3710910
201810
3772960
70
4543600
1268750
1079800
4373850
617830
4261930
541300
1012110
1656330
973580
2427430
3952700
1389990
3698350
2281730
2427420
1286350
1250
3481460
3499380
368070
235600
2027330
3655390
1991860
42670
261640
2379390
8850
3872000
1745440
3713770
1850050
2631430
3376690
3858460
3430450
3818000
3043760
4129170
3450550
851890
2617770
2317930
1549690
35450
282440
3714670
1914750
4197300
728740
3710980
924140
691320
9010
3679630
15300
2510060
212630
729040
4233550
2450696
259381
3171990
4079340
358150
15190
2450694
2641350
2450693
2450697
13620
3577060
13630
306690
1425730
3868650
3005010
1309620
3171980
2072660
650000
323500
1245430
1363430
3172010
306460
348090
2450691
2934450
754530
3111880
1694600
1481700
283290
820520
2450695
2939860
2289292
267380
3483190
264610
872280
3595230
2450692
292390
275590
325724
311050
3746210
2934460
3245230
3115300
2902540
259380
2934440
612900
320030
366660
1308183
1763083
1836470
374301
1308181
4013300
2450690
2357570
578080
1174180
1407200
3240220
2139460
1808500
553850
2074920
2767030
1659420
552990
699130
1659040
632360
2221490
2842040
1282270
3167020
2668510
460930
1888930
1874880
1847520
3559900
3515950
3770910
4609750
2617100
3834150
3725100
1435990
4384370
4369950
974630
3715910
600160
4532980
3729290
3886750
4458010
2255190
4726470
1446020
3418940
2851430
3617330
714010
2764370
2781620
590830
12210
767560
1425000
3950020
2231380
1367080
2524890
1282100
1693980
1941540
2668080
1881700
502500
2778610
21690
2254890
2169200
1366800
307690
1292630
2239550
1645820
1922560
1140620
2503740
2340130
774291
2964090
2956820
243470
2782610
680420
1012110
774801
203140
1991860
235600
488860
1839430
4197990
2806120
3711140
1612420
3173130
1843540
1416230
728740
212630
3254350
4197300
915600
2123640
1530470
2828470
3104410
3595230
2641350
2210000
3829570
1829590
267920
1280930
3404260
2344520
601150
3679080
1974050
985810
2384580
1604030
3489700
3214610
2373990
1145350
1229490
1825750
2536520
814380
2178420
881020
2444750
631510
329050
3110760
3681010
2830030
3763830
4563350
4335780
3900710
3910170
1230260
3564860
4378410
4198760
3978510
2405840
4213470
3689970
3463740
4207250
2085560
1310850
4498720
2617100
3237710
4040960
3273240
3489510
2738000
1335200
1203220
1942280
1361210
2764370
304390
4038930
1371980
220440
269210
2928600
1820000
1549250
1089090
2515020
2322010
2627260
1462040
1145360
219990
899770
780310
1904480
2909400
2273430
1593500
1118010
1147560
3950020
3199360
1425000
2361770
1468810
1817230
1863430
2680010
3405340
2091020
1672970
3123410
2071280
2350790
678950
3684500
2277560
601050
619820
588650
330020
2833600
2492040
1866130
2658450
1140620
2820820
232090
2058190
3061810
2687400
1299690
2665680
642280
3639650
2375550
1135230
897670
1372280
356190
204360
2114740
3604340
10150
257850
2512450
2085540
1139900
3892760
2503740
2934220
1468720
579180
2383200
3228580
2868390
606150
1718570
3406850
1401730
2512790
2058180
4125930
3882730
2956820
2334170
2877540
3846090
1891700
1432050
1519090
1975580
2212330
1178830
629820
4013290
483840
589360
19680
973230
263620
3032830
3710910
4165310
730310
2530470
4369830
992300
1432640
1726190
1494810
4212180
1352080
1945600
2631250
2506610
3607950
3419290
2108630
1371580
2896380
1375750
428550
345350
1848180
2974330
3073420
987730
488860
981600
2854740
4254140
1606180
3088070
1851280
3882650
2740280
1108590
4279880
3127280
4218930
1154040
381990
998550
4372000
3596180
2206480
3030720
3065870
2152740
1341490
375480
2455060
2457580
1771180
223793
4407410
1761380
2259260
3067890
3670630
946030
3829570
3710980
2351860
2204620
1213750
2735580
1815230
1714900
1982150
2072660
2342150
33320
679110
1332340
3275010
1072290
3097550
705280
3324320
922050
2348610
3113120
3393430
39190
539400
597150
2090760
3729840
39200
3183940
3113100
3015140
3565670
35000
1480370
1263100
2609780
2963830
1828940
2079380
1885010
4013300
2609790
306000
1576790
942300
1752830
1710820
3404260
960170
1384160
1778820
1477590
2904000
977950
1364780
2321470
3167020
1794680
3596700
3816930
774181
2062430
268910
2963870
3985950
4129110
1089090
1820000
3405340
2361770
4118900
3763830
4665530
4231580
4248000
3002370
4437400
1985480
4268810
4029380
4301450
3729960
2154900
4200840
2695350
4355100
3423530
2524440
3463740
4609750
4195920
2940200
2162560
4498720
4536190
1677740
2353060
200210
774171
2717010
1929290
3201070
3430470
4039770
502500
389730
1672970
2138710
620980
678950
2688860
2593750
2132850
3279470
2665680
311690
1817230
3570060
2492040
2190220
2218400
2066020
646910
2868390
2400160
2922410
3069810
3210350
1292630
357070
2934220
3862670
1972440
2103140
2325460
2383200
1482380
1372280
692890
843380
250180
1607890
1080550
2111190
2235020
1846380
1794960
366250
2106670
464450
2473350
3194200
1140620
3026450
2957720
1612420
3564540
1100140
774291
1262560
656460
3597580
2887680
4143860
937580
729660
242680
3775990
774801
448510
312610
247080
2753970
2690330
2669410
2099900
776490
1079800
3045200
2225750
1079160
332950
4027800
1647310
1975580
3124230
1347970
2086430
4340790
1100150
1566410
1286350
1043230
1955830
2369580
2782850
1884300
2313550
1602010
1100160
604500
3194360
4369830
3109580
2726450
2097720
716710
366260
1043240
1772830
219150
1726190
4407410
252110
2230760
3419290
1268750
3013460
222420
4127490
1420810
2581050
2788310
757320
366270
3088070
924650
1848180
2677480
4164140
2841770
674750
341940
3668370
987730
4130990
3580340
222440
221640
4279880
550340
1679220
3328480
1608640
33100
366280
3088250
1100170
2488290
2229890
2630080
3363560
851670
3324320
2235200
2902540
1926230
833360
998550
1929870
3456800
2342950
3818000
3040880
2224120
3858250
3633450
403430
3846090
1100180
525620
2488510
3043760
2081053
4315660
292500
1018020
3376690
1559680
3282270
398030
3449900
3903830
2524040
1485590
1502710
3063560
1342740
3127280
1664220
3449040
4022920
3191110
1035510
3067890
3714670
1137460
300380
323850
499890
2481670
3564550
2277320
1737340
1425730
4001570
562260
1573560
4222670
2826230
4119160
1694600
2563800
1178880
2692830
1254620
4218930
934780
2566020
1864860
3891360
3809940
1250250
1810310
1179060
1730080
2878330
615610
3656660
597150
862570
412660
398710
2204620
906120
843440
3136570
2216060
2403020
3571660
3571650
2703280
2878340
2741440
346500
1828940
1885010
1752830
2744880
4025700
2001120
1809540
1426210
477160
2567870
1663850
322170
1562700
2349820
367520
1030300
673750
3672400
2830030
620
268910
2644470
2751000
2273430
1147560
3570070
2361770
4649960
4027870
4428340
4154710
4359330
4437400
3218540
3559900
3910170
349620
3868170
4421560
3513700
3730740
4261860
4111020
3227590
3820780
3565370
4006090
4354540
4389410
2085560
2940200
3313720
2212330
1677740
590830
3983810
312520
291550
386940
1462040
3794610
1904480
2963870
860510
1392860
2111630
3811390
1509960
3879660
3071240
2706170
424840
3744080
3263320
1607680
504230
3430470
400
813230
3757210
2239710
2677660
1057090
261570
1071870
2997230
2492040
881100
2396990
1472560
3862670
1138850
4082750
2717880
1608230
1817230
1225570
1061090
2560240
250180
2477090
2757810
2787320
3816720
2947280
1599660
2383200
1747760
2235020
1801110
2951770
1303950
3088250
2061250
2473350
3242750
1983260
2512790
240720
2285550
3132930
1356670
40800
3639650
2420660
4486290
304430
4423640
753420
2926680
1794960
3800850
4024600
2721890
2973120
2957720
4212180
835430
3813350
1891700
1772830
3874300
743890
3422870
3681910
2821800
2562900
19680
3513600
1955830
366250
2474430
1718570
1933700
743900
1999520
2166250
2369900
1862520
3955660
3126150
2650350
2085540
2956820
1933390
2857120
809880
3264400
3839850
1970030
1679220
3913270
3603530
2350270
4094670
332950
95400
1778840
2904890
428550
1224020
312610
1022850
1137460
683320
1955230
2671230
3084280
688130
2488290
495050
3032830
2384730
1274600
3282040
3693270
3803780
2497920
363440
2369580
1055540
1525660
774801
115800
4143860
946030
2830150
1456880
2698470
2976870
3155570
2804680
896010
1802880
1507720
366260
4212210
4510820
473950
4340790
3905410
3903830
1552550
1927740
1397390
2522520
3298460
2206480
3858250
1522870
3328480
2235200
3529690
3458170
4320710
1884300
1726190
2525690
2879980
3597580
1794950
549100
3761580
2878760
2777220
1555400
1843540
332200
3406910
230700
381990
3882650
1018020
260230
3841970
1703210
3809940
544330
2794770
200010
1586800
922050
3136570
1081300
562260
1559570
4233440
1380830
2129160
2153750
3388870
1927720
308060
1580180
4027800
2921600
4456250
4021770
1982150
385440
278890
832320
1015890
3627790
2427100
4067130
2476100
2488340
4320570
1330470
2969160
3753590
1727810
1847240
2740280
1431350
2191490
33320
1559680
1981820
1831700
292500
668550
2956360
2597970
1897060
3411510
3700280
3156640
412660
2963550
2966470
2541550
2382762
1842690
774811
4150600
1455230
3067890
3406610
4345020
792710
933770
314710
2152740
323850
3012210
1921770
1944260
4255250
467960
1542860
1771180
3379430
331980
4211860
888630
1761780
4233550
615610
3460110
862570
1872510
1823710
1383570
4641700
855860
1550510
407020
259810
3966180
2703280
2224790
2566020
843440
1309620
2153880
539400
1864860
3446980
1885010
1810310
2322830
3384610
613190
2204620
1019931
1921760
2620500
2635390
3225600
2826230
2210710
346500
3023800
749340
857710
1657880
3571650
3571660
1891640
3923160
3504140
2108420
2079380
1828940
2842590
1576790
942300
1752830
3841310
1547500
1391990
2963870
2904000
3167020
2321470
1794680
3596700
268910
3816930
2062430
3985950
1710820
1820000
3405340
3201070
2665680
311690
3570060
2132850
2218400
2400160
2066020
2190220
2103140
3069810
4665530
3002370
4268810
4029380
3729960
4200840
3423530
2162560
4498720
4536190
2985630
4377450
4008110
4531070
2185500
3520070
2415020
2423690
4098530
3758770
4353760
4313760
3388630
4320630
341940
2510960
843380
200210
250180
3210350
2868390
2473350
2922410
3026450
357070
490110
1972440
692890
2934220
1482380
1140620
2106670
774291
2235020
464450
3194200
2441270
242680
1100140
2669410
1612420
1647310
2887680
937580
3109580
3124230
366250
656460
2690330
3597580
729660
1955830
2957720
1100150
3088070
1772830
1079160
774801
1566410
312610
776490
1043230
4369830
2097720
4027800
1100160
2313550
1347970
2225750
219150
2086430
1420810
252110
2782850
2230760
757320
1884300
1043240
1848180
2726450
674750
3668370
2841770
2876150
987730
716710
528160
366260
937570
1608640
1100170
2788310
3003120
3363560
2630080
833360
3324320
924650
2342950
998550
2235200
4407410
366270
3858250
4279880
1100180
1079800
2488510
2081053
3580340
4130990
3043760
4315660
2099900
33100
3282270
366280
1765300
1485590
4127490
2902540
2224120
3689390
3040880
3449040
3191110
525620
1035510
1968340
403430
1964480
2277320
1737340
292500
3449900
2481670
2826230
1573560
2563800
4218930
1342740
1178880
1730080
1179060
1810310
2384580
3404260
3564740
985810
601150
1778820
1384160
1364780
1790600
976310
3202030
1229490
881020
2764370
3717070
2928600
1859910
631510
4038930
4129110
329050
1203220
3937550
1462040
3763830
2494960
1230260
2908480
2667960
2154900
3304670
4074210
2524440
2085560
2011600
4040960
3273240
1309480
1676650
2738000
3489510
4344990
2707170
2059380
3007250
4528380
4046520
207100
3313720
2212330
2445690
291550
2988580
1876890
1904480
678950
220440
2515020
1820000
524220
3972650
1372110
2361770
3446240
2273430
389730
2138710
2909400
1089090
2963870
3879660
1607250
3717330
851850
1817190
2627260
2157560
2492040
3449590
2375550
3684500
1817230
1557740
3717340
1372280
1689620
2085540
1948980
307690
3564540
2361680
1451190
3775990
2956820
2740280
1296830
204360
2918150
3639650
94400
992300
4575390
2383200
1546400
3122460
3484680
597170
674940
3127280
222420
1602010
2503740
1771180
3686660
337320
2369580
2687400
1612420
550340
667530
1160330
1105500
263620
1105510
209000
234670
3264400
838350
1356670
4212180
1909840
1963040
2206480
222440
2152740
1726190
3564550
1515950
3128600
1606180
4001570
323470
4005560
1352080
2631250
2334170
2646320
2488290
2920450
2457580
428550
3846090
1213750
1154040
543870
494150
2671230
2924120
2524040
3332620
3133920
2204620
3903830
1432640
2382762
495140
716710
3088250
300380
33100
3067890
2161720
2741440
3829570
2081053
1982150
679110
3751210
1851280
3458620
2574860
3531260
2510060
3854870
4218930
855860
2072660
2957480
2957490
539400
3097550
1544405
2562820
204372
1657880
2878340
2108420
1828940
1885010
1810310
2562860
1547500
942300
1752830
