2483190
1295660
4466620
2073620
730
578080
1172470
2507950
3240220
3124540
359550
252490
2479810
2357570
3932890
2807960
1144200
2000950
699130
2138330
440
548430
2157830
444200
3028330
1643320
550
1282270
2073850
1085660
2416450
1217060
1985810
1151340
3065800
476600
1272080
1874880
218620
8870
4224910
3606480
393080
460930
552520
1818450
714010
1963610
2933620
2943650
311210
209160
590830
594650
4000
292730
377160
1548850
1229490
2406770
824270
3228590
2524890
393380
1985820
1238810
1962663
1425000
2840770
1913370
1338770
298110
10180
1238840
107410
3174120
668580
2051620
2747330
10090
3015760
209650
502500
232090
4640190
397540
1477830
2369390
550650
2625420
3398110
371660
3894440
872670
2124120
1366800
7940
1721110
500
1164940
2307350
3063250
2116120
3772960
2599690
3891560
581320
784080
3199170
286690
636480
10
1288320
1324780
1938090
7670
1560250
2640
16900
204450
3527760
2430400
220
1268750
240
1178830
2111190
1566690
4543600
2630
1101120
304930
617830
362890
218230
2941710
939960
2336880
973580
4589090
4013290
2272250
3952700
3655390
4129170
368070
2897700
3481460
70
2390480
2437670
321360
3489420
3744430
3858460
274940
3710910
3933860
2281730
3799610
8850
3365170
1790930
611660
1250
3450550
1656330
3020
4373850
1684930
42670
3872000
2933080
1338840
1286350
3933070
1656370
3679630
1991860
1328350
1066180
1850050
21980
3499380
2707940
34870
1745440
2631430
1922010
1978590
3191050
1285670
1314563
1090150
15120
2971610
4197300
13540
787790
21090
2647760
35450
3918090
20
223100
615120
1150080
955050
2312280
2637070
924140
633460
3743240
2962360
2450696
360960
3288480
3477300
2450694
3171990
2611170
3556670
4229540
2450693
305380
3710980
3499740
434570
358150
259381
1593230
34830
2450697
2641350
746510
3171980
2584760
2450691
2647900
3172010
3091580
3111880
330580
1302230
2606920
1702140
2922210
374280
48705
2450695
267380
330370
2450692
2922220
3700
690810
2598800
275590
995170
805940
867400
4169300
311050
217140
1132970
612900
259380
3676330
401190
320030
1535200
1945340
990030
2077170
400740
374301
1090200
4013300
2450690
2800850
1808500
2358720
1677740
1663850
2321470
1790600
