578080
730
1172470
3240220
3932890
359550
2507950
2357570
440
252490
2073620
1144200
3124540
2807960
2605790
1085660
2479810
2138330
550
4090980
1643320
2073850
3028330
699130
2859390
3851240
4338410
2141300
1230260
3520250
3725100
3947610
3770910
3802760
219
1378300
2383690
2845200
3920360
4320000
2617100
4051340
1324220
2423690
2217110
3746840
3969060
2695350
594650
1818450
1874880
221100
3065800
2157830
1217060
2000950
2416450
218620
1282270
444200
3228590
1151340
393380
784080
2747330
1272080
4224910
1963610
1229490
2051620
3606480
476600
4371500
4000
8870
2524890
590830
714010
1237970
502500
3017860
824270
1933000
107410
1962663
2840770
377160
552520
976730
3174120
1548850
1477830
2005010
337000
412020
10090
2943650
3015760
3186540
460930
2625420
1237950
782330
3398110
2778610
10180
2599690
581320
4013290
3894440
2124120
379720
1238860
4216130
872670
500
1164940
2000890
1366800
298110
2336880
2719160
2116120
550650
2080690
2369390
1969870
7940
3710910
286690
3891560
1324780
3063250
578650
1566690
3156770
4261320
2981220
636480
304930
1705180
2111190
220
70
3595270
322500
2430400
1566390
4640190
617830
3371240
1533420
2669410
287390
3772960
450540
2451010
7670
2897700
1061910
201810
3744430
1605250
3952700
1378290
3463200
2281730
4373850
321360
1012790
4077400
4543600
1656330
3933860
1590910
1656370
963930
704270
2027330
204450
1619310
41070
8850
690040
2379390
3872000
671860
3450550
2534810
3710980
1032430
1222370
2551020
2707940
3858460
4129170
301970
3499380
2786550
3020
1286320
50
2427420
3191050
3679630
325724
6920
2631430
2437670
21980
2896260
3713770
1119980
130
924140
1129310
3171990
2647830
242860
20
223100
13540
736220
4250650
1298140
2450694
2386360
2647760
4197300
2450696
422970
1861610
24240
1285670
1655410
2617770
3595230
2450693
1945340
915810
2450697
306460
3648730
4407420
2480100
2392613
2317930
2641350
1655430
4229540
3171980
1733890
323500
555570
306690
619880
3111880
70000
3172010
816090
3037030
2597570
348090
6850
793350
2450695
1612020
267380
1051290
2450692
1481440
275590
2429240
264610
3486770
311050
3019800
259380
1348400
612900
320030
366660
4013300
2994270
374301
1090200
258180
2450690
480631
3240220
578080
3768760
2139460
553850
1407200
2074920
2357570
2767030
1808500
552990
632360
2221490
1282270
1874880
699130
3167020
2781620
3950020
12210
2231380
1659040
767560
2668510
1847520
3559900
3725100
3770910
4609750
1435990
974630
3834150
4658750
3515950
4662870
2617100
3797540
3636220
4369950
4384370
600160
3956770
4726470
4734840
3729290
4631370
4458010
3747500
2764370
2100280
1659420
1888930
502500
714010
590830
2524890
2503740
2668080
1328670
750920
1367080
460930
1292630
1282100
1237950
1693980
221040
203160
204100
1881700
1088850
1029690
1140620
360430
2254890
1366800
287700
1612420
55150
978300
742420
2543180
1238060
2828860
1649240
1549970
680420
4197990
55230
696170
3169520
2078450
694280
2956820
307950
2827230
2067050
2254450
12150
626690
1839430
321360
1598230
6510
2405060
3037180
13560
2214220
4197300
3929740
9480
33220
3595230
2384074
226720
301910
7000
13570
1253190
8140
6850
1153640
8000
2270750
1347780
530890
2641350
13540
4546240
70000
3932990
355240
1829590
13580
2510710
3404260
2344520
985810
3214610
1974050
1089090
3679080
2384580
1145350
3489700
2358720
2178420
1604030
269210
1825750
2444750
3199360
2536520
881020
1229490
3950020
899770
1145360
2350790
2642680
3763830
4563350
3007250
1230260
3900710
3564860
3910170
2405840
4335780
3689970
4013710
4378410
4198760
3978510
1761070
4106740
2085560
4213470
3520430
4040960
3273240
2738000
4098530
2764370
1203220
552500
219990
601150
4038930
2071280
1462040
3681010
304390
2928600
524220
2397300
1371980
814380
2665680
3110760
1147560
3178350
1342490
1135230
2373990
1468810
1942280
2322010
2830030
2503740
1549250
1593500
780310
1118010
2273430
4165310
2909400
1672970
588650
4323000
2820820
1858630
1280930
1718570
1866130
1904480
678950
824550
1140620
1154030
278080
2982610
3684500
2286780
2091020
2833600
2492040
4013290
4125930
601050
2162820
2510960
3421660
622220
889510
3074850
1065310
502800
356190
1468720
2527390
2687400
3061810
3074840
527430
204360
3710910
50620
2658450
2512790
2854740
1911610
3639650
2066020
3846090
2868390
1429500
1372280
2076010
2934220
2144740
2896380
644830
3406850
2085540
2383200
55150
2530470
3305660
2669360
2405060
2799870
579180
3604340
3882730
2086680
3228580
4369830
1701520
261110
2212330
460950
2426120
1975580
2735920
2218750
3071340
2021210
2956820
2556720
19680
1848180
987730
3419290
3607950
1299690
1352080
3169520
998550
3596190
2183650
1371580
4330860
4265120
1726190
4212180
4499280
4003930
378540
1690710
1343240
3596180
3303320
2506610
2740280
1058390
4010540
2108630
4372000
1782460
1104280
1945600
771890
2974330
2617310
4279880
761600
3710980
1314000
2780710
1598780
411830
774241
2334730
2193540
1256530
3073420
1214650
2835110
4010490
4254140
1905530
1867530
1771180
1164690
3003800
1056490
4010480
3498390
4407410
2921600
4007300
1284130
1538970
4565080
1559390
581660
1895810
2401230
1761380
1435410
2406370
424370
1395270
2181930
235210
1068360
2686580
2148660
908740
2065810
2803280
1145690
1608700
3206390
39190
1347720
2161620
2874130
919360
1968650
844850
3183940
35000
1271740
944430
2449140
4528240
3985080
2098560
1574600
3184020
503720
4013300
1004919
4162160
4372140
1384160
3404260
1778820
960170
4129110
1364780
1089090
