550
578080
2357570
730
1172470
2807960
3240220
2507950
3932890
359550
3017860
699130
3028330
2074920
578080
2357570
1174180
1407200
2139460
3240220
1659420
552990
553850
699130
1808500
631510
3679080
2344520
985810
3404260
601150
2178420
1974050
3489700
1825750
3110760
2536520
3214610
1482380
960170
3404260
1778820
977950
774181
1364780
1292630
1794680
1477590
4129110
2361770
3430470
504230
4025700
1809540
1426210
477160
2001120
3879660
2567870
2751000
2830030
1562700
3794610
2904000
1794680
1113560
2321470
843380
1710820
1820000
3167020
3596700
3816930
3985950
1140620
2361770
3564740
985810
3404260
601150
1778820
3879660
976310
1364780
3202030
1859910
329050
2384580
